WORLDSEED=145642
PLAYERWORLDX=-578.3842686965728
PLAYERWORLDY=-14901.019248890998
